/**
プログラミング基礎Java
EX01 JAVA [完全]入門
Chapter07 問題19

2次元配列tableを宣言し、1次元目・2次元目とも要素数は「9」で生成して、各要素に九九の値を代入した後に、
各要素を出力するプログラムを書いてください。

コンパイル方法
================
>>> java -jar checkstyle-10.3.4-all.jar -c checkstyle.xml SO202_EX01_07_19.java
Starting audit...
Audit done.
>>> javac SO202_EX01_07_19.java
================

実行例
================
>>> java SO202_EX01_07_19
 1  2  3  4  5  6  7  8  9 
 2  4  6  8 10 12 14 16 18 
 3  6  9 12 15 18 21 24 27 
 4  8 12 16 20 24 28 32 36 
 5 10 15 20 25 30 35 40 45 
 6 12 18 24 30 36 42 48 54 
 7 14 21 28 35 42 49 56 63 
 8 16 24 32 40 48 56 64 72 
 9 18 27 36 45 54 63 72 81 
================

*/


// ここより下に解答を記載する。
